W2_bin_low_edge, Asymmetry, Error
-4,0,0
-4,0,0
-4,0,0
-4,0,0
-4,0.2,0.438178
-4,0.272727,0.290081
-4,-0.1875,0.173641
-4,-0.0571429,0.119328
-4,0,0.0863868
-4,0,0.0690066
-4,0.0630137,0.0522384
-4,0.0120968,0.044898
-4,0.0983051,0.0409699
-4,0.0358209,0.0386086
-4,-0.0159744,0.0399629
-4,0.0615711,0.0459901
-4,0.0692308,0.0618686
-4,0.101695,0.0915802
-4,0.2,0.252982
-4,0.333333,0.544331
-4,-0.0357143,0.133545
-4,0.0456432,0.0455013
-4,-0.00215827,0.018966
-4,-0.0208251,0.0099561
-4,-0.0153649,0.0061435
-4,-0.00663071,0.00439667
-4,-0.0122743,0.00349971
-4,-0.00338161,0.00307769
-4,-0.00290541,0.00299454
-4,-0.00539544,0.00299122
-4,-0.00482789,0.00303534
-4,-0.00938172,0.00314736
-4,-0.00597323,0.00335074
-4,-0.0127206,0.00363795
-4,-0.00865618,0.00402602
-4,-0.00759246,0.00451759
-4,-0.00713558,0.00511237
-4,-0.00381667,0.0057609
-4,-0.00039968,0.00632203
-4,-0.00624876,0.00704212
-4,-0.0161827,0.008595
-4,-0.0034418,0.0125077
-4,-0.0225825,0.0240571
-4,-0.0682731,0.0632246
-4,-0.0344828,0.185585
