W2_bin_low_edge, Asymmetry, Error
-4,-2.04082,14.2827
-4,4.16667,14.4212
-4,10.6383,14.5037
-4,1.96078,9.89957
-4,-5.6,8.93024
-4,6.25,7.20277
-4,4.45344,6.35653
-4,4.23453,5.70218
-4,5.21542,4.75542
-4,0.571429,4.36429
-4,-7.03764,4.03554
-4,3.91566,3.87778
-4,2.01884,3.6679
-4,-1.12994,3.75799
-4,-2.18579,3.69522
-4,4.77569,3.79984
-4,0,4.06894
-4,-3.83912,4.27254
-4,6.52632,4.57853
-4,4.28571,4.87502
-4,-9.23483,5.1147
-4,1.68856,4.33086
-4,1.41414,3.17789
-4,-1.33862,2.22643
-4,-0.160944,1.6378
-4,-0.986379,1.25121
-4,-0.0188253,0.970188
-4,0.236739,0.799895
-4,0.0230681,0.679236
-4,-0.736267,0.582473
-4,0.123948,0.513536
-4,0.0941821,0.462655
-4,0.557993,0.424941
-4,-0.117838,0.39905
-4,-0.460707,0.383651
-4,-0.491397,0.380725
-4,-0.538497,0.387292
-4,-0.310411,0.397959
-4,-0.517092,0.416553
-4,-0.517031,0.440045
-4,-0.286268,0.469259
-4,-1.36065,0.504733
-4,-0.438636,0.546247
-4,-0.434721,0.596927
-4,0.173025,0.657695
