0 0.162408
1 0.128404
2 0.121308
3 0.130678
4 0.126694
5 0.12172
6 0.126367
7 0.129803
8 0.131321
9 0.134589
10 0.129732
11 0.132513
12 0.0973071
13 0.130714
14 0.126286
15 0.125076
16 0.128705
17 0.126791
18 0.129606
19 0.117972
20 0.121826
21 0.119634
22 0.118597
23 0.125471
24 0.126543
25 0.130026
26 0.119416
27 0.12194
28 0.127002
29 0.127201
30 0.126463
31 0.125519
32 0.113618
33 0.117905
34 0.119196
35 0.115932
36 0.12932
37 0.128719
38 0.124125
39 0.126509
40 0.126397
41 0.126899
42 0.125126
43 0.129311
44 0.126518
45 0.128084
46 0.127149
47 0.129262
48 0.129054
49 0.129339
50 0.127887
51 0.124614
52 0.128263
53 0.126717
54 0.125209
55 0.127591
56 0.129233
57 0.129973
58 0.127261
59 0.129121
60 0.129952
61 0.128052
62 0.126758
63 0.124639
64 0.126059
65 0.124348
66 0.124771
67 0.130546
68 0.129044
69 0.127715
70 0.121472
71 0.127953
72 0.128994
73 0.1233
74 0.114843
75 0.119056
76 0.119503
77 0.119037
78 0.125192
79 0.128465
80 0.127776
81 0.129037
82 0.124121
83 0.126954
84 0.127995
85 0.127061
86 0.126787
87 0.121365
88 0.12646
89 0.12521
90 0.124696
91 0.127916
92 0.129244
93 0.126489
94 0.125765
95 0.126171
96 0.129686
97 0.128702
98 0.130788
99 0.12378
100 0.130687
101 0.127398
102 0.131205
103 0.125485
104 0.125968
105 0.12919
106 0.129289
107 0.129014
108 0.128373
109 0.128515
110 0.12786
111 0.127704
112 0.129511
113 0.129996
114 0.129936
115 0.125682
116 0.129653
117 0.128125
118 0.127993
119 0.127844
120 0.127216
121 0.124867
122 0.129867
123 0.123576
124 0.127795
125 0.128661
126 0.128339
127 0.127769
128 0.126783
129 0.126922
130 0.127896
131 0.126162
132 0.125262
133 0.128767
134 0.129009
135 0.127664
136 0.127858
137 0.125764
138 0.127975
139 0.124376
140 0.124399
141 0.126083
142 0.126906
143 0.126062
144 0.127234
145 0.118888
146 0.114301
147 0.120279
148 0.120194
149 0.11668
150 0.117788
151 0.118112
152 0.127086
153 0.127389
154 0.124266
155 0.122392
156 0.123447
157 0.123216
158 0.126329
159 0.122499
160 0.125379
161 0.108779
162 0.124813
163 0.125423
164 0.125951
165 0.125877
166 0.124354
167 0.126256
168 0.127033
169 0.123242
170 0.125863
171 0.124664
172 0.125155
173 0.123448
174 0.125256
175 0.12631
176 0.124825
177 0.126248
178 0.109448
179 0.125552
180 0.128576
181 0.127245
182 0.126656
183 0.127488
184 0.126569
185 0.121616
186 0.124412
187 0.127344
188 0.127487
189 0.124581
190 0.123678
191 0.125907
192 0.128198
193 0.12709
194 0.127611
195 0.124833
196 0.126193
197 0.123045
198 0.124841
199 0.122545
200 0.11625
201 0.122798
202 0.125171
203 0.124674
204 0.125747
205 0.125278
206 0.129678
207 0.123088
208 0.119849
209 0.124592
210 0.127638
211 0.129543
212 0.126434
213 0.127135
214 0.127718
215 0.129286
216 0.128606
217 0.11892
218 0.127772
219 0.128138
220 0.129242
221 0.125146
222 0.126755
223 0.127985
224 0.126217
225 0.127827
226 0.125538
227 0.126024
228 0.12853
229 0.122783
230 0.125514
231 0.126176
232 0.127339
233 0.127305
234 0.121356
235 0.12466
236 0.12228
237 0.125251
238 0.12625
239 0.12687
240 0.128806
241 0.128671
242 0.130448
243 0.129503
244 0.129202
245 0.126671
246 0.126398
247 0.128246
248 0.129791
249 0.125995
250 0.126573
251 0.130909
252 0.126556
253 0.126311
254 0.127244
255 0.129111
256 0.129398
257 0.127704
258 0.128793
259 0.129267
260 0.127046
261 0.129904
262 0.127587
263 0.127293
264 0.124334
265 0.130363
266 0.132163
267 0.131917
268 0.130599
269 0.132092
270 0.128951
271 0.128618
272 0.121563
273 0.126637
274 0.126705
275 0.127981
276 0.127639
277 0.126755
278 0.128709
279 0.124653
280 0.127452
281 0.129381
282 0.12993
283 0.126083
284 0.129971
285 0.129761
286 0.130285
287 0.130129
288 0.129272
289 0
290 0
291 0
292 0
293 0
294 0
295 0
296 0
297 0
298 0
299 0
