0 0
1 0.139367
2 0.114242
3 0.13115
4 0.124083
5 0.113512
6 0.124604
7 0.132915
8 0.156288
9 0.163448
10 0.14327
11 0.130858
12 0.0864347
13 0.149674
14 0.124619
15 0.123643
16 0.126974
17 0.124463
18 0.126472
19 0.112923
20 0.116358
21 0.123152
22 0.117571
23 0.113095
24 0.109211
25 0.142827
26 0.108382
27 0.115849
28 0.121363
29 0.123541
30 0.121057
31 0.112476
32 0.108289
33 0.112295
34 0.114723
35 0.106511
36 0.125296
37 0.145572
38 0.125057
39 0.12198
40 0.121108
41 0.115732
42 0.117434
43 0.127031
44 0.128933
45 0.129412
46 0.12571
47 0.123419
48 0.133665
49 0.154252
50 0.130484
51 0.131157
52 0.129597
53 0.118835
54 0.117785
55 0.128261
56 0.131595
57 0.131603
58 0.126681
59 0.127732
60 0.143157
61 0.144653
62 0.13403
63 0.123488
64 0.12633
65 0.122146
66 0.128341
67 0.138031
68 0.132219
69 0.126839
70 0.11963
71 0.126889
72 0.128458
73 0.120046
74 0.109653
75 0.107961
76 0.110528
77 0.115564
78 0.128733
79 0.13706
80 0.12955
81 0.130774
82 0.128843
83 0.127108
84 0.121736
85 0.134972
86 0.126125
87 0.118327
88 0.130008
89 0.130802
90 0.127879
91 0.131873
92 0.134185
93 0.136152
94 0.132895
95 0.134528
96 0.149975
97 0.143725
98 0.139258
99 0.134289
100 0.140487
101 0.141901
102 0.137896
103 0.132654
104 0.136433
105 0.136513
106 0.138398
107 0.141352
108 0.14018
109 0.13559
110 0.138935
111 0.137084
112 0.147738
113 0.139058
114 0.136322
115 0.136807
116 0.13549
117 0.130266
118 0.129573
119 0.133123
120 0.153754
121 0.126185
122 0.140604
123 0.133098
124 0.145795
125 0.139545
126 0.137151
127 0.134966
128 0.133847
129 0.134794
130 0.133531
131 0.126396
132 0.125622
133 0.1228
134 0.135041
135 0.128571
136 0.130096
137 0.138381
138 0.135006
139 0.128697
140 0.131337
141 0.134017
142 0.135997
143 0.13312
144 0.123774
145 0.107806
146 0.112665
147 0.110165
148 0.106962
149 0.105155
150 0.119357
151 0.120675
152 0.134493
153 0.138023
154 0.127843
155 0.123112
156 0.115998
157 0.119039
158 0.121621
159 0.133487
160 0.110579
161 0.102079
162 0.125369
163 0.124854
164 0.133301
165 0.127368
166 0.123525
167 0.127599
168 0.133874
169 0.105997
170 0.133913
171 0.128243
172 0.124858
173 0.122697
174 0.126465
175 0.130854
176 0.129558
177 0.123288
178 0.108087
179 0.127301
180 0.140572
181 0.136871
182 0.131949
183 0.148997
184 0.128926
185 0.125362
186 0.123275
187 0.130925
188 0.131052
189 0.124988
190 0.122752
191 0.128112
192 0.143359
193 0.111339
194 0.126307
195 0.138548
196 0.125934
197 0.127215
198 0.129941
199 0.125658
200 0.113884
201 0.12221
202 0.127572
203 0.12727
204 0.125281
205 0.115591
206 0.136855
207 0.144314
208 0.137574
209 0.125915
210 0.127405
211 0.12564
212 0.131295
213 0.126925
214 0.131722
215 0.133044
216 0.125886
217 0.106058
218 0.153696
219 0.134734
220 0.138147
221 0.127014
222 0.11862
223 0.126109
224 0.129245
225 0.122372
226 0.12644
227 0.130795
228 0.136968
229 0.10988
230 0.12986
231 0.125569
232 0.130384
233 0.127749
234 0.113584
235 0.119866
236 0.117815
237 0.116766
238 0.123889
239 0.127997
240 0.13469
241 0.0846406
242 0.0828482
243 0.135687
244 0.107615
245 0.107844
246 0.114208
247 0.127331
248 0.115318
249 0.120549
250 0.116481
251 0.122013
252 0.131546
253 0.139813
254 0.121021
255 0.0990625
256 0.106965
257 0.122195
258 0.123624
259 0.120936
260 0.111205
261 0.120194
262 0.117291
263 0.120535
264 0.107906
265 0.0930625
266 0.116437
267 0.126215
268 0.120187
269 0.126455
270 0.113121
271 0.119002
272 0.108223
273 0.111774
274 0.114128
275 0.11987
276 0.134045
277 0.1075
278 0.0855
279 0.0824062
280 0.12455
281 0.115406
282 0.111989
283 0.155342
284 0.111344
285 0.127343
286 0.123892
287 0.113289
288 0.121103
289 0
290 0
291 0
292 0
293 0
294 0
295 0
296 0
297 0
298 0
299 0
