0 0
1 0.0284375
2 0.0701728
3 0.106898
4 0.0755194
5 0.09551
6 0.0863875
7 0.069377
8 0.0718348
9 0.0666091
10 0.0755
11 0.0836149
12 0.0668945
13 0
14 0.0887847
15 0.0889904
16 0.0729441
17 0.0873562
18 0.0916476
19 0.0745583
20 0.0876232
21 0.0672431
22 0.0657483
23 0.0840268
24 0.0689018
25 0.0449375
26 0.0562813
27 0.0740296
28 0.0796875
29 0.0780731
30 0.073456
31 0.0750042
32 0.0796298
33 0.0736836
34 0.0718041
35 0.0690196
36 0.0804911
37 0.0363438
38 0.0500033
39 0.0709901
40 0.0860538
41 0.0863818
42 0.0750271
43 0.0754945
44 0.0756244
45 0.0860257
46 0.0829936
47 0.083975
48 0.0753338
49 0.0597875
50 0.0740496
51 0.0742027
52 0.073569
53 0.0747703
54 0.066801
55 0.0770332
56 0.0703125
57 0.0793433
58 0.0732052
59 0.0696875
60 0.0811153
61 0.0960417
62 0.0701825
63 0.0837162
64 0.0688019
65 0.0668802
66 0.0712835
67 0.0717415
68 0.074775
69 0.0760707
70 0.0733542
71 0.0727923
72 0.0732269
73 0.10349
74 0.0821821
75 0.0726875
76 0.0615639
77 0.0765208
78 0.0722441
79 0.0705267
80 0.0774654
81 0.0715266
82 0.0768179
83 0.0809146
84 0.0826548
85 0.0760125
86 0.0715948
87 0.0749256
88 0.0783848
89 0.0822958
90 0.072385
91 0.0690884
92 0.0750026
93 0.068371
94 0.0790477
95 0.0825887
96 0.113164
97 0.0531875
98 0.0609661
99 0.0829125
100 0.0824444
101 0.0802838
102 0.0767963
103 0.0729595
104 0.0646545
105 0.0734643
106 0.0735104
107 0.0825148
108 0.0809453
109 0.0753125
110 0.0727405
111 0.0967911
112 0.078961
113 0.0678639
114 0.0738802
115 0.0794299
116 0.0743779
117 0.0770478
118 0.0741254
119 0.0866235
120 0.0750412
121 0.0813423
122 0.0926615
123 0.0872397
124 0.0761288
125 0.0741102
126 0.0709441
127 0.077895
128 0.0729705
129 0.0862279
130 0.0834284
131 0.0942816
132 0.095791
133 0.0608482
134 0.0808002
135 0.0872591
136 0.0714905
137 0.0708906
138 0.0715149
139 0.0663683
140 0.0765785
141 0.079658
142 0.0906562
143 0.086253
144 0.0962708
145 0.0588649
146 0.0650084
147 0.0729139
148 0.0825642
149 0.0651347
150 0.0772307
151 0.0730268
152 0.0708941
153 0.0792074
154 0.075017
155 0.0803437
156 0.0804329
157 0.0667847
158 0.0767
159 0.0735492
160 0.0861773
161 0.0740546
162 0.0725856
163 0.0746167
164 0.0761318
165 0.0727103
166 0.0691887
167 0.0756192
168 0.0722601
169 0.0584214
170 0.0656956
171 0.0680794
172 0.0663057
173 0.0684952
174 0.0834543
175 0.0742234
176 0.071475
177 0.0776625
178 0.0746409
179 0.0701526
180 0.0826125
181 0.0670521
182 0.0627106
183 0.0664697
184 0.0709002
185 0.0796733
186 0.0879685
187 0.0770423
188 0.0808723
189 0.0885434
190 0.0778239
191 0.0640586
192 0.0728958
193 0.0531111
194 0.0727518
195 0.0630543
196 0.0587333
197 0.0610216
198 0.0774639
199 0.0726504
200 0.0718329
201 0.0744896
202 0.0712779
203 0.0698265
204 0.0818966
205 0.0729977
206 0.0760842
207 0.07726
208 0.0662974
209 0.0610283
210 0.0786432
211 0.0702816
212 0.0686455
213 0.0745201
214 0.0763079
215 0.0746587
216 0.0690589
217 0.0700725
218 0.0801167
219 0.0674823
220 0.0663494
221 0.0729239
222 0.067802
223 0.0673787
224 0.0662149
225 0.0666676
226 0.0786751
227 0.0760254
228 0.0701235
229 0.0711875
230 0.0728852
231 0.0593824
232 0.0652001
233 0.0650541
234 0.0714011
235 0.0655731
236 0.0621398
237 0.069392
238 0.0732179
239 0.0754748
240 0.0788542
241 0.0553713
242 0.0738654
243 0.0719252
244 0.0706042
245 0.0665476
246 0.0696658
247 0.0627057
248 0.0634566
249 0.0745404
250 0.0688625
251 0.0688107
252 0.0744083
253 0.0751875
254 0.063625
255 0.0669179
256 0.0758412
257 0.0706598
258 0.0706073
259 0.0632071
260 0.0690747
261 0.068539
262 0.0636053
263 0.0733214
264 0.0729961
265 0.0270625
266 0.0874901
267 0.0796219
268 0.0645974
269 0.0645123
270 0.0739743
271 0.077059
272 0.0656725
273 0.0575375
274 0.06106
275 0.0620486
276 0.0765625
277 0.0761042
278 0.0950391
279 0.107458
280 0.0949122
281 0.0963281
282 0.0997508
283 0.111905
284 0.0741854
285 0.0623405
286 0.0580655
287 0.0471528
288 0.0604062
289 0
290 0
291 0
292 0
293 0
294 0
295 0
296 0
297 0
298 0
299 0
