0 0
1 0.115406
2 0.107237
3 0.123484
4 0.116607
5 0.107475
6 0.113696
7 0.118119
8 0.137379
9 0.145283
10 0.123677
11 0.114356
12 0.0884544
13 0.133558
14 0.119158
15 0.119684
16 0.119579
17 0.117133
18 0.113704
19 0.10209
20 0.106028
21 0.112415
22 0.105272
23 0.103389
24 0.0987298
25 0.121896
26 0.102197
27 0.110288
28 0.115545
29 0.115893
30 0.112621
31 0.106969
32 0.0999151
33 0.103183
34 0.102138
35 0.0977754
36 0.100994
37 0.128636
38 0.115819
39 0.115242
40 0.115938
41 0.11033
42 0.109931
43 0.115066
44 0.115865
45 0.116176
46 0.112067
47 0.108388
48 0.117925
49 0.132735
50 0.118237
51 0.124041
52 0.124926
53 0.114961
54 0.110237
55 0.118452
56 0.12012
57 0.118446
58 0.112992
59 0.112293
60 0.122977
61 0.131753
62 0.122342
63 0.115204
64 0.122495
65 0.116551
66 0.120524
67 0.129102
68 0.119938
69 0.115931
70 0.109221
71 0.1138
72 0.113451
73 0.116995
74 0.101803
75 0.105867
76 0.10899
77 0.112706
78 0.124061
79 0.128683
80 0.120508
81 0.119227
82 0.117673
83 0.113744
84 0.112896
85 0.109028
86 0.115657
87 0.116753
88 0.128205
89 0.127102
90 0.124716
91 0.125388
92 0.125934
93 0.12539
94 0.121566
95 0.120668
96 0.135146
97 0.141875
98 0.139813
99 0.133015
100 0.141872
101 0.138882
102 0.133606
103 0.131793
104 0.130763
105 0.127666
106 0.126888
107 0.127536
108 0.127253
109 0.137612
110 0.132787
111 0.140996
112 0.147209
113 0.138797
114 0.133652
115 0.133394
116 0.132048
117 0.123025
118 0.122286
119 0.122684
120 0.136824
121 0.150263
122 0.134175
123 0.141248
124 0.151392
125 0.139982
126 0.137358
127 0.131573
128 0.128827
129 0.127653
130 0.127063
131 0.120079
132 0.117522
133 0.0765625
134 0.158639
135 0.147235
136 0.138968
137 0.144329
138 0.136115
139 0.126667
140 0.127718
141 0.129629
142 0.131869
143 0.125493
144 0.11742
145 0.133396
146 0.144589
147 0.127637
148 0.127303
149 0.111769
150 0.120918
151 0.118811
152 0.132504
153 0.135671
154 0.12378
155 0.12227
156 0.110275
157 0.168687
158 0.115062
159 0.129913
160 0.0998307
161 0.104677
162 0.125389
163 0.124596
164 0.130442
165 0.1249
166 0.119808
167 0.123751
168 0.131791
169 0
170 0.168687
171 0.107447
172 0.116487
173 0.115187
174 0.136466
175 0.129595
176 0.129009
177 0.121965
178 0.10774
179 0.123296
180 0.133325
181 0
182 0.109562
183 0.168687
184 0.144625
185 0.12866
186 0.135466
187 0.134909
188 0.134689
189 0.125884
190 0.121277
191 0.126363
192 0.135236
193 0
194 0
195 0
196 0.201687
197 0.136187
198 0.141273
199 0.137623
200 0.120269
201 0.124387
202 0.127426
203 0.124867
204 0.122333
205 0
206 0
207 0
208 0
209 0.190687
210 0.12565
211 0.125655
212 0.132896
213 0.127601
214 0.13092
215 0.130656
216 0.124207
217 0
218 0
219 0
220 0
221 0
222 0.1185
223 0.120047
224 0.127094
225 0.126063
226 0.127151
227 0.125968
228 0.131174
229 0
230 0
231 0
232 0
233 0
234 0
235 0
236 0.123588
237 0.125615
238 0.12084
239 0.121952
240 0.132015
241 0
242 0
243 0
244 0
245 0
246 0
247 0
248 0.145083
249 0.123869
250 0.112195
251 0.115895
252 0.135416
253 0
254 0
255 0
256 0
257 0
258 0
259 0
260 0.130187
261 0.118391
262 0.111814
263 0.113876
264 0.11517
265 0
266 0
267 0
268 0
269 0
270 0
271 0
272 0.220937
273 0.0997083
274 0.107102
275 0.121426
276 0.124481
277 0
278 0
279 0
280 0
281 0
282 0
283 0
284 0
285 0
286 0.0559375
287 0.12209
288 0.147203
289 0
290 0
291 0
292 0
293 0
294 0
295 0
296 0
297 0
298 0
299 0
