0 0
1 0
2 0
3 0
4 0
5 0
6 0.13225
7 0.13225
8 0.186562
9 0
10 0.130188
11 0.130188
12 0
13 0
14 0
15 0
16 0.105437
17 0.147375
18 0.0779375
19 0.13225
20 0.186562
21 0
22 0.130188
23 0.130188
24 0
25 0
26 0
27 0
28 0.105437
29 0.108187
30 0
31 0
32 0
33 0.0944375
34 0.130188
35 0.130188
36 0
37 0
38 0
39 0
40 0
41 0.108187
42 0.108187
43 0
44 0
45 0.0944375
46 0
47 0
48 0
49 0
50 0
51 0
52 0
53 0.113687
54 0
55 0
56 0.0710625
57 0.08275
58 0
59 0
60 0
61 0
62 0
63 0
64 0
65 0.113687
66 0.229187
67 0.172812
68 0.170521
69 0.0710625
70 0
71 0
72 0
73 0.0531875
74 0
75 0
76 0.209937
77 0
78 0.171437
79 0.267688
80 0.216812
81 0
82 0.172812
83 0
84 0
85 0
86 0.0531875
87 0.0738125
88 0.141187
89 0.175563
90 0.0930625
91 0.158604
92 0.172812
93 0.172812
94 0
95 0
96 0
97 0
98 0
99 0.0944375
100 0.117812
101 0.141187
102 0.175563
103 0
104 0.185188
105 0.172812
106 0
107 0
108 0
109 0
110 0
111 0
112 0.183813
113 0
114 0
115 0
116 0.137063
117 0.185188
118 0
119 0
120 0
121 0
122 0
123 0.282813
124 0.0848125
125 0.0848125
126 0.0848125
127 0.137063
128 0.137063
129 0
130 0
131 0
132 0.295187
133 0.222312
134 0.252563
135 0.279375
136 0.214521
137 0.0848125
138 0
139 0.0861875
140 0.0861875
141 0.295187
142 0.295187
143 0.295187
144 0
145 0.282813
146 0.252563
147 0.279375
148 0.251875
149 0
150 0
151 0
152 0
153 0
154 0
155 0.295187
156 0
157 0
158 0.252563
159 0.222312
160 0.227813
161 0
162 0
163 0.0958125
164 0.0958125
165 0
166 0
167 0
168 0
169 0
170 0.227813
171 0.225062
172 0.227813
173 0
174 0.0958125
175 0.0958125
176 0.0958125
177 0.0793125
178 0
179 0
180 0
181 0
182 0
183 0
184 0.227813
185 0
186 0.0793125
187 0.0793125
188 0
189 0.0793125
190 0
191 0
192 0
193 0
194 0
195 0
196 0.227813
197 0.227813
198 0
199 0.0793125
200 0.0793125
201 0
202 0
203 0
204 0
205 0
206 0
207 0
208 0.227813
209 0.227813
210 0
211 0
212 0
213 0
214 0
215 0
216 0
217 0
218 0
219 0
220 0
221 0.273188
222 0.273188
223 0
224 0
225 0
226 0.249812
227 0
228 0
229 0
230 0
231 0
232 0
233 0.273188
234 0
235 0
236 0
237 0.249812
238 0.249812
239 0
240 0
241 0
242 0
243 0
244 0
245 0.273188
246 0
247 0
248 0
249 0
250 0.249812
251 0
252 0
253 0
254 0
255 0
256 0
257 0
258 0
259 0
260 0
261 0
262 0
263 0
264 0
265 0
266 0
267 0
268 0
269 0
270 0
271 0
272 0
273 0
274 0
275 0
276 0
277 0
278 0
279 0
280 0
281 0
282 0
283 0
284 0
285 0
286 0
287 0
288 0
289 0
290 0
291 0
292 0
293 0
294 0
295 0
296 0
297 0
298 0
299 0
