0 0
1 0.123965
2 0.116798
3 0.12529
4 0.120736
5 0.117043
6 0.121664
7 0.128475
8 0.138098
9 0.141699
10 0.132706
11 0.128815
12 0.108296
13 0.13203
14 0.118986
15 0.121601
16 0.123807
17 0.124356
18 0.125606
19 0.117608
20 0.118506
21 0.11571
22 0.116335
23 0.11372
24 0.118546
25 0.130899
26 0.112674
27 0.117293
28 0.120514
29 0.123265
30 0.122891
31 0.116532
32 0.111605
33 0.113448
34 0.11461
35 0.114261
36 0.121842
37 0.131525
38 0.120709
39 0.120563
40 0.123981
41 0.122373
42 0.121509
43 0.124467
44 0.124342
45 0.124855
46 0.124368
47 0.124269
48 0.12872
49 0.138876
50 0.123452
51 0.123758
52 0.125295
53 0.122679
54 0.123231
55 0.128439
56 0.127981
57 0.128958
58 0.127699
59 0.127503
60 0.134163
61 0.131925
62 0.123207
63 0.119141
64 0.119956
65 0.120916
66 0.125127
67 0.130366
68 0.129028
69 0.128612
70 0.124144
71 0.125707
72 0.128379
73 0.12015
74 0.114092
75 0.115083
76 0.113299
77 0.114482
78 0.122546
79 0.131388
80 0.130453
81 0.128806
82 0.126839
83 0.127913
84 0.128804
85 0.123336
86 0.119467
87 0.116151
88 0.121446
89 0.124368
90 0.124969
91 0.127734
92 0.129191
93 0.130478
94 0.130176
95 0.130629
96 0.139526
97 0.127015
98 0.125768
99 0.125092
100 0.127498
101 0.130354
102 0.129481
103 0.126316
104 0.128676
105 0.130305
106 0.132876
107 0.13191
108 0.134896
109 0.127958
110 0.127673
111 0.12675
112 0.13294
113 0.133435
114 0.132736
115 0.131369
116 0.132643
117 0.131884
118 0.13238
119 0.130041
120 0.136671
121 0.1249
122 0.130544
123 0.126972
124 0.131762
125 0.13414
126 0.134061
127 0.133967
128 0.13247
129 0.13297
130 0.131756
131 0.127297
132 0.127365
133 0.119443
134 0.125713
135 0.123609
136 0.122721
137 0.125057
138 0.126214
139 0.125318
140 0.129923
141 0.128489
142 0.130539
143 0.127658
144 0.124764
145 0.109442
146 0.111619
147 0.111643
148 0.111257
149 0.10798
150 0.115014
151 0.118578
152 0.128163
153 0.129086
154 0.123687
155 0.122647
156 0.120557
157 0.10847
158 0.115538
159 0.121486
160 0.112707
161 0.107791
162 0.116497
163 0.122467
164 0.126709
165 0.126039
166 0.120159
167 0.123418
168 0.129248
169 0.114526
170 0.12146
171 0.123001
172 0.120361
173 0.119059
174 0.121597
175 0.125321
176 0.1265
177 0.123638
178 0.118466
179 0.123699
180 0.130395
181 0.125712
182 0.124037
183 0.128267
184 0.122258
185 0.119814
186 0.121123
187 0.123572
188 0.124917
189 0.123369
190 0.121923
191 0.125314
192 0.130406
193 0.119093
194 0.123981
195 0.129221
196 0.121716
197 0.121246
198 0.122161
199 0.124238
200 0.120102
201 0.123341
202 0.125343
203 0.125894
204 0.126488
205 0.117213
206 0.128006
207 0.133134
208 0.122732
209 0.125392
210 0.125453
211 0.126163
212 0.13048
213 0.128401
214 0.129032
215 0.129702
216 0.127994
217 0.107503
218 0.125998
219 0.127823
220 0.127265
221 0.123651
222 0.121533
223 0.124066
224 0.129155
225 0.126471
226 0.126784
227 0.13038
228 0.13023
229 0.114431
230 0.128226
231 0.124644
232 0.121923
233 0.121162
234 0.11867
235 0.121781
236 0.120177
237 0.121388
238 0.12511
239 0.125246
240 0.126733
241 0.117987
242 0.121392
243 0.117939
244 0.119137
245 0.117889
246 0.120143
247 0.120357
248 0.121412
249 0.12433
250 0.124812
251 0.127034
252 0.125513
253 0.143198
254 0.128022
255 0.13048
256 0.12359
257 0.124607
258 0.124602
259 0.124687
260 0.124543
261 0.124449
262 0.12543
263 0.126255
264 0.121315
265 0.144697
266 0.153244
267 0.1595
268 0.148102
269 0.132536
270 0.133605
271 0.131076
272 0.124482
273 0.122535
274 0.122169
275 0.124796
276 0.129025
277 0.159062
278 0.1766
279 0.169683
280 0.153018
281 0.162466
282 0.15156
283 0.148523
284 0.133718
285 0.127655
286 0.122506
287 0.125692
288 0.124259
289 0
290 0
291 0
292 0
293 0
294 0
295 0
296 0
297 0
298 0
299 0
