0 0
1 0.0691146
2 0.056625
3 0.0609425
4 0.0675585
5 0.05745
6 0.0523232
7 0.0571597
8 0.0594514
9 0.068247
10 0.0626667
11 0.0573625
12 0.0570625
13 0.0645313
14 0.0684466
15 0.063718
16 0.0661691
17 0.0632493
18 0.0591
19 0.0651696
20 0.0672812
21 0.0594514
22 0.0631757
23 0.0615381
24 0.0663685
25 0.0714063
26 0.0824792
27 0.07483
28 0.0703072
29 0.0702591
30 0.0689646
31 0.072875
32 0.0816806
33 0.0707992
34 0.06875
35 0.0730219
36 0.0656656
37 0.0907602
38 0.085751
39 0.0809625
40 0.0793125
41 0.0759217
42 0.0820211
43 0.0818185
44 0.0830739
45 0.0847328
46 0.086588
47 0.0840995
48 0.0797054
49 0.0927531
50 0.0927679
51 0.0872381
52 0.0845148
53 0.0789482
54 0.0800404
55 0.0899688
56 0.0885013
57 0.0883288
58 0.091087
59 0.0911847
60 0.0936583
61 0.0903125
62 0.0871375
63 0.0877986
64 0.0802546
65 0.0850646
66 0.0863297
67 0.0893148
68 0.0869159
69 0.0918452
70 0.0912355
71 0.0893102
72 0.0931202
73 0.0839116
74 0.0847045
75 0.0600625
76 0.086938
77 0.0889838
78 0.0921109
79 0.0939984
80 0.0956228
81 0.0948439
82 0.0955833
83 0.0921356
84 0.0844529
85 0.0843434
86 0.0893407
87 0.0872914
88 0.0916814
89 0.0934724
90 0.098934
91 0.0953574
92 0.0974726
93 0.0990823
94 0.10164
95 0.0989672
96 0.0990115
97 0.0827878
98 0.091534
99 0.0951086
100 0.0929349
101 0.0962375
102 0.0928096
103 0.0985765
104 0.0959923
105 0.0996858
106 0.0982695
107 0.0985289
108 0.0928792
109 0.0928975
110 0.0899819
111 0.0918434
112 0.0941568
113 0.0978903
114 0.0975825
115 0.0964546
116 0.100003
117 0.0993519
118 0.093218
119 0.0959235
120 0.0969618
121 0.0879148
122 0.0919639
123 0.094256
124 0.0967407
125 0.098153
126 0.0998149
127 0.0987792
128 0.100007
129 0.098423
130 0.0976642
131 0.0957575
132 0.0926722
133 0.089925
134 0.0943975
135 0.0953023
136 0.0950591
137 0.0936971
138 0.0985225
139 0.104859
140 0.103446
141 0.102744
142 0.100373
143 0.099243
144 0.0991981
145 0.108677
146 0.0958524
147 0.0933759
148 0.0967146
149 0.0958723
150 0.0951167
151 0.105707
152 0.102255
153 0.107254
154 0.108006
155 0.104262
156 0.106224
157 0.104112
158 0.101485
159 0.0961234
160 0.0920738
161 0.0961059
162 0.0974055
163 0.103296
164 0.108684
165 0.107531
166 0.108722
167 0.112833
168 0.118334
169 0.0979323
170 0.0993628
171 0.0978112
172 0.0995144
173 0.0990339
174 0.101607
175 0.105912
176 0.111171
177 0.108858
178 0.111685
179 0.113099
180 0.117632
181 0.0917838
182 0.0940272
183 0.0953186
184 0.0984581
185 0.103176
186 0.106896
187 0.105544
188 0.104721
189 0.108301
190 0.113865
191 0.114007
192 0.118342
193 0.0927819
194 0.0995915
195 0.0987464
196 0.097927
197 0.105629
198 0.106108
199 0.105355
200 0.105605
201 0.104067
202 0.114348
203 0.1122
204 0.117324
205 0.100208
206 0.0909461
207 0.0953725
208 0.100022
209 0.103209
210 0.102825
211 0.107062
212 0.10466
213 0.107664
214 0.110999
215 0.113936
216 0.111202
217 0.103146
218 0.0988203
219 0.0956035
220 0.0935454
221 0.0992125
222 0.099155
223 0.0997625
224 0.102934
225 0.103395
226 0.109676
227 0.115215
228 0.11079
229 0.0866602
230 0.0911905
231 0.0953394
232 0.0884677
233 0.0838359
234 0.0932072
235 0.0970749
236 0.0986141
237 0.101875
238 0.101396
239 0.101611
240 0.101658
241 0.0825676
242 0.078869
243 0.0846518
244 0.0850012
245 0.0889916
246 0.095604
247 0.103992
248 0.0984712
249 0.0941142
250 0.0988546
251 0.0948796
252 0.0939537
253 0.0719282
254 0.0872129
255 0.0956807
256 0.0953811
257 0.089156
258 0.101572
259 0.101524
260 0.0943298
261 0.094306
262 0.0983985
263 0.105055
264 0.100232
265 0.0814647
266 0.0865564
267 0.0947812
268 0.0981161
269 0.0981562
270 0.101361
271 0.101615
272 0.0981433
273 0.090426
274 0.0926643
275 0.0999238
276 0.107477
277 0.0772096
278 0.10289
279 0.103001
280 0.0949583
281 0.100767
282 0.0924514
283 0.0899436
284 0.0927512
285 0.0902407
286 0.0945051
287 0.100298
288 0.0943771
289 0
290 0
291 0
292 0
293 0
294 0
295 0
296 0
297 0
298 0
299 0
