0 0
1 0.125921
2 0.121168
3 0.120091
4 0.116304
5 0.116003
6 0.116575
7 0.117191
8 0.132525
9 0.138729
10 0.133181
11 0.139733
12 0.128698
13 0.13556
14 0.126236
15 0.125359
16 0.122245
17 0.110967
18 0.115976
19 0.105328
20 0.117642
21 0.112069
22 0.120974
23 0.12605
24 0.131241
25 0.124598
26 0.118043
27 0.112267
28 0.107486
29 0.110373
30 0.119099
31 0.100206
32 0.113898
33 0.11612
34 0.114817
35 0.114263
36 0.132444
37 0.122703
38 0.116005
39 0.12086
40 0.112542
41 0.109131
42 0.110363
43 0.114991
44 0.113387
45 0.119168
46 0.124244
47 0.119548
48 0.127898
49 0.123464
50 0.119943
51 0.121883
52 0.112285
53 0.11105
54 0.11294
55 0.122146
56 0.124601
57 0.125061
58 0.117583
59 0.112715
60 0.117102
61 0.127036
62 0.120697
63 0.116812
64 0.117903
65 0.109023
66 0.115549
67 0.113604
68 0.116603
69 0.114681
70 0.118479
71 0.117371
72 0.116815
73 0.122131
74 0.118754
75 0.115279
76 0.109662
77 0.108997
78 0.111334
79 0.120917
80 0.116487
81 0.118954
82 0.115059
83 0.121022
84 0.11887
85 0.121631
86 0.117857
87 0.120972
88 0.120601
89 0.114236
90 0.113393
91 0.123724
92 0.119945
93 0.124415
94 0.117639
95 0.124224
96 0.131081
97 0.125417
98 0.12382
99 0.123369
100 0.116941
101 0.116675
102 0.117598
103 0.115794
104 0.124414
105 0.123179
106 0.127759
107 0.129042
108 0.1329
109 0.123059
110 0.124754
111 0.124253
112 0.120813
113 0.117865
114 0.111925
115 0.117334
116 0.119341
117 0.123727
118 0.128181
119 0.128139
120 0.128087
121 0.136678
122 0.132501
123 0.126483
124 0.11926
125 0.121063
126 0.114754
127 0.118721
128 0.125058
129 0.124081
130 0.124227
131 0.123619
132 0.128789
133 0.12366
134 0.12179
135 0.123838
136 0.116867
137 0.114909
138 0.123846
139 0.122947
140 0.122002
141 0.120575
142 0.117458
143 0.125595
144 0.128472
145 0.120166
146 0.115704
147 0.114643
148 0.117634
149 0.115507
150 0.120153
151 0.123583
152 0.125033
153 0.119246
154 0.122477
155 0.126887
156 0.130703
157 0.113272
158 0.118023
159 0.122702
160 0.11852
161 0.125762
162 0.119059
163 0.125131
164 0.122226
165 0.122484
166 0.121075
167 0.123445
168 0.125761
169 0.112797
170 0.120474
171 0.130562
172 0.131288
173 0.123897
174 0.129628
175 0.123873
176 0.121613
177 0.121697
178 0.119324
179 0.122897
180 0.132619
181 0.131117
182 0.128462
183 0.131883
184 0.123497
185 0.120481
186 0.119686
187 0.122481
188 0.122795
189 0.121824
190 0.126548
191 0.122825
192 0.12827
193 0.112195
194 0.131656
195 0.13178
196 0.120003
197 0.11688
198 0.119698
199 0.122834
200 0.126631
201 0.12287
202 0.126057
203 0.127468
204 0.127971
205 0.113555
206 0.13174
207 0.139588
208 0.122116
209 0.114118
210 0.114613
211 0.124813
212 0.127032
213 0.12699
214 0.128509
215 0.125478
216 0.125684
217 0.126299
218 0.13915
219 0.12662
220 0.122293
221 0.122625
222 0.117418
223 0.124682
224 0.122536
225 0.127804
226 0.133521
227 0.133252
228 0.129956
229 0.124711
230 0.127526
231 0.133356
232 0.135101
233 0.123281
234 0.113096
235 0.121816
236 0.120629
237 0.132542
238 0.133395
239 0.129898
240 0.1376
241 0.127365
242 0.132751
243 0.123034
244 0.12187
245 0.123656
246 0.115373
247 0.117049
248 0.121204
249 0.127798
250 0.125491
251 0.123746
252 0.128452
253 0.120604
254 0.127856
255 0.111838
256 0.122124
257 0.133161
258 0.128504
259 0.124666
260 0.124795
261 0.115608
262 0.12189
263 0.121911
264 0.114513
265 0.115462
266 0.120312
267 0.127984
268 0.128741
269 0.139087
270 0.125419
271 0.136557
272 0.117603
273 0.115966
274 0.11663
275 0.126827
276 0.125068
277 0.129938
278 0.126521
279 0.133625
280 0.134254
281 0.144953
282 0.139077
283 0.139151
284 0.130721
285 0.126636
286 0.118732
287 0.126946
288 0.127687
289 0
290 0
291 0
292 0
293 0
294 0
295 0
296 0
297 0
298 0
299 0
