0 0
1 0.143937
2 0.152576
3 0.171555
4 0.150542
5 0.167369
6 0.160552
7 0.15808
8 0.173024
9 0.126892
10 0.131
11 0.128027
12 0.157076
13 0.170629
14 0.180727
15 0.170759
16 0.166418
17 0.170022
18 0.172393
19 0.160215
20 0.15371
21 0.151995
22 0.143155
23 0.137979
24 0.128354
25 0.202342
26 0.156362
27 0.154237
28 0.167148
29 0.162894
30 0.163783
31 0.157549
32 0.158492
33 0.14422
34 0.146549
35 0.141152
36 0.131349
37 0.17449
38 0.169749
39 0.172905
40 0.171603
41 0.17162
42 0.161947
43 0.166607
44 0.167386
45 0.165372
46 0.162389
47 0.162907
48 0.144737
49 0.159768
50 0.178417
51 0.173815
52 0.172921
53 0.167205
54 0.1686
55 0.170893
56 0.171952
57 0.172369
58 0.173665
59 0.158778
60 0.155762
61 0.160733
62 0.165546
63 0.166169
64 0.171795
65 0.171685
66 0.176593
67 0.172107
68 0.170179
69 0.170908
70 0.164636
71 0.161946
72 0.158579
73 0.160484
74 0.166157
75 0.165233
76 0.169705
77 0.170853
78 0.171088
79 0.172044
80 0.16187
81 0.166046
82 0.170629
83 0.160576
84 0.164945
85 0.160197
86 0.171478
87 0.171443
88 0.16867
89 0.168727
90 0.167268
91 0.172825
92 0.163565
93 0.172856
94 0.173143
95 0.171909
96 0.153443
97 0.172171
98 0.175808
99 0.175491
100 0.168018
101 0.167668
102 0.168808
103 0.168902
104 0.167696
105 0.167756
106 0.170889
107 0.162169
108 0.168718
109 0.168312
110 0.173298
111 0.171649
112 0.171685
113 0.170247
114 0.168024
115 0.167261
116 0.166093
117 0.168929
118 0.168417
119 0.166854
120 0.160081
121 0.166399
122 0.166227
123 0.170685
124 0.172036
125 0.168103
126 0.166144
127 0.165565
128 0.167255
129 0.163718
130 0.170558
131 0.164364
132 0.152394
133 0.168005
134 0.160033
135 0.171529
136 0.160809
137 0.159034
138 0.164719
139 0.166001
140 0.166994
141 0.160149
142 0.158815
143 0.161921
144 0.151319
145 0.149604
146 0.163649
147 0.159584
148 0.153782
149 0.155212
150 0.162734
151 0.157415
152 0.156662
153 0.160159
154 0.162683
155 0.152886
156 0.153626
157 0.146618
158 0.161806
159 0.176938
160 0.152926
161 0.158632
162 0.155277
163 0.16005
164 0.163363
165 0.156575
166 0.157965
167 0.153303
168 0.132486
169 0.160853
170 0.157819
171 0.167324
172 0.166255
173 0.161538
174 0.161429
175 0.168228
176 0.16066
177 0.155428
178 0.151132
179 0.145556
180 0.131251
181 0.166638
182 0.164306
183 0.161894
184 0.169483
185 0.162809
186 0.157547
187 0.159448
188 0.15922
189 0.158589
190 0.146904
191 0.151216
192 0.130372
193 0.169843
194 0.170214
195 0.176476
196 0.155346
197 0.160391
198 0.159158
199 0.166029
200 0.149265
201 0.154806
202 0.153256
203 0.151496
204 0.136146
205 0.155376
206 0.162062
207 0.173793
208 0.174591
209 0.160258
210 0.153803
211 0.157998
212 0.154584
213 0.157511
214 0.141749
215 0.1417
216 0.134774
217 0.160818
218 0.164706
219 0.16382
220 0.16167
221 0.167718
222 0.157399
223 0.155955
224 0.161772
225 0.158931
226 0.154495
227 0.14278
228 0.135888
229 0.153471
230 0.147673
231 0.16414
232 0.16482
233 0.16166
234 0.157327
235 0.145982
236 0.149888
237 0.15738
238 0.148995
239 0.147846
240 0.127904
241 0.142438
242 0.167469
243 0.168013
244 0.165193
245 0.156666
246 0.158062
247 0.160687
248 0.157551
249 0.160109
250 0.143324
251 0.144455
252 0.126434
253 0.150957
254 0.174477
255 0.164635
256 0.159143
257 0.147971
258 0.157015
259 0.150308
260 0.16092
261 0.139027
262 0.143069
263 0.14338
264 0.138637
265 0.1504
266 0.179229
267 0.176183
268 0.152282
269 0.16831
270 0.133078
271 0.127388
272 0.131742
273 0.135546
274 0.134908
275 0.147432
276 0.13632
277 0.0971875
278 0.160045
279 0.157137
280 0.172331
281 0.179687
282 0.118969
283 0.143103
284 0.121212
285 0.128551
286 0.132798
287 0.142906
288 0.151683
289 0
290 0
291 0
292 0
293 0
294 0
295 0
296 0
297 0
298 0
299 0
